956470181427822623
953044587864285234
953228758704345148
953044589898522694
960422310681120768
958259695418740776
958459242967359528
956318823814942820
954423150639214602
954450421898965032
954509526101540895
954376762068983840
953058691995795526
954378366478336020
953151798569484358
953181223570776064
959215125699645530
956493817224245278
953044586614386699
956117541204426772
954392473118052362
960563648458281030
953044584542388244
956150089955549194
954377019221766154
960422395422851103
954380177377480754
960117977582297128
954377453504196608
953044585368658021
954508481778577490
953228496644239380
954379028339523624
960917827567632465
954377608345292881
954655415445106768
954508484181893200
954655266903830558
953228497172709426
954756767949135872
958430142064099408
955445524276838451
958259414526210058
958313849881251890
954654849142779964
954378308840198144
954377549167865866
954508485234683984
954379918882504814
