951426680524800071
961665406685294623
960985594178199622
960564601509003324
960316918278025239
959828911934566423
958458777529614416
958267716274380853
957734683096014848
956494232108007474
956071556805713952
955918872026951760
956934361536663552
955801555154636800
955508914949095438
955354637471449121
954607508280979506
954508507359629423
954465534118866996
954460464631414864
954438964171915276
954400789261062147
954398757670256703
953413070598848565
953183876040245280
953183789629202445
953183613732667415
953281110182363186
954621615335956490
954621677881393182
953044573280669777
953044572471181402
953044570604703744
953044569837158510
953044568293654528
953044567517700137
953044566511059066
953044565902917703
953044551143145492
954721924913704980
958737677237256312
955537430067413052
955740904449245214
960484417141354527
955021538413936660
955918213277949962
953044557245853776
954411289701134476
954408753007038556
954369392576196649
955131479107702864
956078662489346148
954378696557494355
954404641536348261
954402677532532836
954401955126583376
954402931619274772
954402183258976256
954401698993025034
955823827194085397
954470488674017383
954401486673166406
955224070222401566
954468594761232445
954649420786434098
953044564250345472
953044563478585344
954503281961488435
960161056066506783
953051978622185602
953149551198486591
953044552028160000
953044553596825620
954461150605627412
951872802384924735
954854315258949654
960811171571699712
955096034126741515
953044549540929546
957001431611764826
954653252832608276
960807603674431540
953044550321074256
954403142471143494
953057724021751888
960962888250589234
954503948075679784
954504195090837514
955471218021138475
954504447684390952
953183723388547095
953191283185319946
